570
730
440
4000
271590
359550
578080
230410
377160
1245620
240
105600
1056960
236390
1172470
1240440
236450
281990
550
386360
413150
1238810
1326470
304930
294100
1063730
1888160
570940
252490
381210
1203220
892970
1207650
271840
1643320
1281930
1811260
290940
1938090
489830
1826130
239140
1085660
203160
221100
107410
1086940
207140
2218750
1466860
1293830
289070
255710
582010
2399830
218620
433850
1200
219990
242760
261550
228280
1551360
219740
252950
230290
238960
250900
251570
251530
292030
299740
307780
311210
322330
333930
345180
346110
348550
364360
390100
394360
418370
431960
44320
444200
447040
455620
460930
470220
480
496300
513710
517630
530620
588430
620
739630
752590
761830
813780
837470
8500
852860
9015830
909320
914020
915220
929760
955050
960090
969760
10090
10190
1030830
1049590
1061910
1069460
1091500
1097150
1118200
1127400
1130200
1144200
1151340
1167630
1174180
1176470
1184370
1196590
1213210
1217060
1226990
1250
1260320
1268750
1295660
1332010
1332020
1343400
1356660
1364780
1384160
1407840
1426210
1446780
1454400
1475040
1493715
1498720
1506830
1517290
1533390
1533910
15620
1568590
1580350
1604030
1623660
1665430
1681430
1687950
1700870
1716740
1732850
17460
17570
17610
17710
1782210
1794680
18300
1840560
18460
1868140
1895880
1919590
1942280
1949830
1958450
1963900
1971650
1983920
1997000
2002600
201810
2029700
205100
206440
209000
20920
21090
211420
213650
214490
21970
21995
220
222880
22380
224260
225540
227300
22900
231430
232090
232770
235800
243870
244210
244850
246900
247080
24960
256190
257510
258180
259080
2600
262060
262930
264710
266210
267530
268910
2694490
274190
275850
278110
279990
282010
282070
284160
289130
289440
293780
294420
294710
296300
296870
301520
3157150
321800
32400
324800
3260
328080
330020
3340
335300
339610
340
341800
34330
34440
349040
350070
35140
353380
35420
355720
356190
360940
362890
368230
371660
373420
382000
382100
383870
38410
3840
388410
389730
39210
395460
396710
397540
3989230
4020
4030
4040
40620
40800
41070
41120
500
